K_r: [0,0,0] #[0.01,0.01,0.01]
K_w: [0,0,0] #[0.0001,0.0001,0.0001]
K_p: [0,0,0] #[500,500,500]
K_v: [0,0,10] #[1,1,1]

K_r_N: [0.5,0.5,0.5]
K_w_N: [0.01,0.01,0.01] #[0.01,0.01,0.01]
K_p_N: [100,100,100]
K_v_N: [0.0,0.0,100.0] #[100,100,100]

K_u: 0.0001

N_rep: 10
N_step: 20
T_step: 0.015


mu_b: 0.1
theta_b: 5.0


alpha_ocp: 1.0

sqp_loop_time: 15



Lbody: [0.541667, 0.516667, 1.0416667]

show_flag: true